-2.963146353518017 -1.963 -9.417057387429033
-2.927883513943802 -1.927 -9.251066001047633
-2.7783065727793685 -1.778 -8.475916690802611
-2.683130711747852 -1.6831 -8.331287155983432
-2.3206093041544853 -1.320 -7.9965325413055774
-1.889469789839917 0.889 -6.824516314481335
-1.5878137358720397 0.587 -6.1352370850961115
-0.984292345106387 1.984 -5.257092674577793
-0.7843400030604699 1.7843 -4.608445751228483
-0.07426993267440718 1.0742 -2.906071071142956
0.103462158615236 1.1034 -3.1784025020361613
0.285716146164682 1.2857 -2.344747700515421
0.5120805208655259 1.5120 -1.4854960301425886
1.2061333089961908 2.2061 -0.4357201817382792
1.455224892197534 2.455 0.09662992217538935
1.7728587630956296 2.7728 0.3294016432827813
2.0302086584052805 3.0302 1.3447913315499318
2.6920467885507557 3.6920 1.9542213647102935
2.927587177133674 3.9275 2.669644050607312
3.497560340314764 4.49756 4.404791492050249
